0.02 0.9 0.001 0.525826789297965
0.02 0.9 0.101 0.5337172186240318
0.02 0.9 0.201 0.5372991163543105
0.02 0.91999996 0.001 0.532220489727442
0.02 0.91999996 0.101 0.5439736772397419
0.02 0.91999996 0.201 0.5346688256287965
0.02 0.93999994 0.001 0.5429518484779168
0.02 0.93999994 0.101 0.5671116177270185
0.02 0.93999994 0.201 0.5671362772169749
0.02 0.9599999 0.001 0.5572956332834291
0.02 0.9599999 0.101 0.536255538595626
0.02 0.9599999 0.201 0.5323830948560614
0.02 0.9799999 0.001 0.5585860965865109
0.02 0.9799999 0.101 0.5599798991231316
0.02 0.9799999 0.201 0.5516839935212594
0.02 0.9999999 0.001 0.5691588537973136
0.02 0.9999999 0.101 0.5236837843194747
0.02 0.9999999 0.201 0.5238871142057875
0.03 0.9 0.001 0.5736702532668068
0.03 0.9 0.101 0.5319718575306787
0.03 0.9 0.201 0.5289445945514905
0.03 0.91999996 0.001 0.5061063033736694
0.03 0.91999996 0.101 0.5290881011434874
0.03 0.91999996 0.201 0.5278080526152301
0.03 0.93999994 0.001 0.5017080296772595
0.03 0.93999994 0.101 0.5275982041609186
0.03 0.93999994 0.201 0.5146223615099211
0.03 0.9599999 0.001 0.5351949859588887
0.03 0.9599999 0.101 0.5519425702269218
0.03 0.9599999 0.201 0.5076992566354853
0.03 0.9799999 0.001 0.5528469823389628
0.03 0.9799999 0.101 0.5819574425376794
0.03 0.9799999 0.201 0.5525457950488594
0.03 0.9999999 0.001 0.5634498612276284
0.03 0.9999999 0.101 0.5336817000876044
0.03 0.9999999 0.201 0.5467026446772114
0.04 0.9 0.001 0.5479680630442274
0.04 0.9 0.101 0.5385211036797506
0.04 0.9 0.201 0.5732094974824262
0.04 0.91999996 0.001 0.5426426937351594
0.04 0.91999996 0.101 0.5686910827547468
0.04 0.91999996 0.201 0.595665668178157
0.04 0.93999994 0.001 0.579463046920643
0.04 0.93999994 0.101 0.524854055170162
0.04 0.93999994 0.201 0.5436207297108117
0.04 0.9599999 0.001 0.5302861256860144
0.04 0.9599999 0.101 0.5373234786249296
0.04 0.9599999 0.201 0.5310816236111976
0.04 0.9799999 0.001 0.548010391534958
0.04 0.9799999 0.101 0.5200707848318891
0.04 0.9799999 0.201 0.5305136874951661
0.04 0.9999999 0.001 0.4976371158719689
0.04 0.9999999 0.101 0.5375448496946796
0.04 0.9999999 0.201 0.5562997000583387
0.05 0.9 0.001 0.5210680929211627
0.05 0.9 0.101 0.49724366784735796
0.05 0.9 0.201 0.5642998632066368
0.05 0.91999996 0.001 0.5621541747224227
0.05 0.91999996 0.101 0.5189545437558883
0.05 0.91999996 0.201 0.5690468262033985
0.05 0.93999994 0.001 0.5355370393274562
0.05 0.93999994 0.101 0.5305400797185194
0.05 0.93999994 0.201 0.5036084755754758
0.05 0.9599999 0.001 0.5354838573607921
0.05 0.9599999 0.101 0.5379061362226082
0.05 0.9599999 0.201 0.5704377203807353
0.05 0.9799999 0.001 0.5425104289058299
0.05 0.9799999 0.101 0.5285889853719677
0.05 0.9799999 0.201 0.537511574290707
0.05 0.9999999 0.001 0.5357648005673117
0.05 0.9999999 0.101 0.5118369394859742
0.05 0.9999999 0.201 0.5078817572511228
0.060000002 0.9 0.001 0.5468088955073007
0.060000002 0.9 0.101 0.5320921618274802
0.060000002 0.9 0.201 0.5125103680717631
0.060000002 0.91999996 0.001 0.50943275374738
0.060000002 0.91999996 0.101 0.5258450316308696
0.060000002 0.91999996 0.201 0.5169865879650063
0.060000002 0.93999994 0.001 0.5386782114152886
0.060000002 0.93999994 0.101 0.5316479610704787
0.060000002 0.93999994 0.201 0.5289333250441821
